ESpFdAlpha-=0.0017; ESpFdBeta-=0.0000; ESpFdGamma-=0.00164;
ESpRdAlpha-=0.0017; ESpRdBeta-=-0.0001; ESpRdGamma-=-0.00138;
ESmFdAlpha-=-0.0016; ESmFdBeta-=-0.0009; ESmFdGamma-=-0.00226;
ESmRdAlpha-=-0.0017; ESmRdBeta-=-0.0005; ESmRdGamma-=-0.00173;
